30 0 0.090930
30 1 0.333340
30 2 0.333340
30 3 0.272730
30 4 0.242430
30 5 0.242430
30 6 0.181820
30 7 0.636330
30 8 0.212120
30 9 1.727130
30 10 1.181730
30 11 0.878740
30 12 0.151520
30 13 0.151520
30 14 0.090910
30 15 0.878740
30 16 0.121210
30 17 1.636220
30 18 0.818130
30 19 1.424140
30 20 0.363630
30 21 1.424140
30 22 1.666520
30 23 3.181530
30 24 1.363530
30 25 0.818130
30 26 0.606040
30 27 0.787830
30 28 0.060610
30 29 0.969620
30 31 0.787830
30 32 0.030300
30 33 1.545310
30 34 0.727220
30 35 1.333230
30 36 0.606040
30 37 0.757520
30 38 1.333230
30 39 1.575610
30 40 3.090620
30 41 2.272530
30 42 1.272620
30 43 0.545430
30 44 1.727130
30 45 1.060540
30 46 1.060540
30 47 1.302920
30 48 3.120920
30 49 4.635930
30 50 2.817930
30 51 0.999930
30 52 0.454530
30 53 0.515130
30 54 0.696920
30 55 0.878710
30 56 1.787720
30 57 0.818100
30 58 0.696920
30 59 0.848400
30 60 1.454400
30 61 0.636310
30 62 1.242320
30 63 0.515130
30 64 0.666610
30 65 1.242320
30 66 1.484700
30 67 2.999710
30 68 2.181620
30 69 1.181710
30 70 0.454520
30 71 1.969540
30 72 0.969630
30 73 0.484820
30 74 1.969540
30 75 0.969630
30 76 2.211920
30 77 1.212010
30 78 3.030010
30 79 4.545020
30 80 3.726930
30 81 2.727020
30 82 1.999830
30 83 1.908930
30 84 0.909020
30 85 1.454430
30 86 1.363530
30 87 0.696940
30 88 0.696940
30 89 0.939320
30 90 2.757320
30 91 4.575320
30 92 6.090330
30 93 4.272330
30 94 2.454330
30 95 0.636330
30 96 0.424220
30 97 0.606010
30 98 1.696810
30 99 2.605820
30 100 1.636200
30 101 1.515020
30 102 1.666500
30 103 2.272500
30 104 0.545400
30 105 2.060420
30 106 0.424220
30 107 0.575700
30 108 1.151410
30 109 2.302800
30 110 2.908800
30 111 2.090710
30 112 1.090800
30 113 0.363610
30 114 1.878630
30 115 0.878720
30 116 0.393910
30 117 1.878630
30 118 0.878720
30 119 2.121010
30 120 1.121100
30 121 2.939100
30 122 4.454110
30 123 3.636020
30 124 2.636110
30 125 1.908920
30 126 1.818020
30 127 0.818110
30 128 1.696840
30 129 1.605940
30 130 0.606030
30 131 1.696840
30 132 1.605940
30 133 0.606030
30 134 1.939220
30 135 1.848320
30 136 0.848410
30 137 3.666320
30 138 2.666410
30 139 4.484410
30 140 5.999420
30 141 5.181330
30 142 4.181420
30 143 3.454230
30 144 3.363330
30 145 2.363420
30 146 1.636230
30 147 1.545330
30 148 0.545420
30 149 1.090830
30 150 0.999930
30 151 0.575720
30 152 2.393720
30 153 4.211720
30 154 6.029720
30 155 7.544730
30 156 5.726730
30 157 3.908730
30 158 2.090730
30 159 0.333310
30 160 1.424110
30 161 2.514910
30 162 3.423920
30 163 2.454300
30 164 2.333120
30 165 2.484600
30 166 3.090600
30 167 1.363500
30 168 2.878520
30 169 1.242320
30 170 1.393800
30 171 1.969510
30 172 3.120900
30 173 3.726900
30 174 1.999800
30 175 1.908900
30 176 0.272700
30 177 1.787720
30 178 1.696820
30 179 0.303000
30 180 1.787720
30 181 0.787810
30 182 2.030100
30 183 1.939200
30 184 3.757200
30 185 4.363200
30 186 3.545110
30 187 2.545200
30 188 1.818010
30 189 1.727110
30 190 0.727200
30 191 1.605930
30 192 1.515030
30 193 0.515120
30 194 1.605930
30 195 1.515030
30 196 0.515120
30 197 1.848310
30 198 1.757410
30 199 0.757500
30 200 3.575410
30 201 2.575500
30 202 4.393500
30 203 5.908510
30 204 5.090420
30 205 4.090510
30 206 3.363320
30 207 3.272420
30 208 2.272510
30 209 1.545320
30 210 1.454420
30 211 0.454510
30 212 1.333240
30 213 1.242340
30 214 1.333240
30 215 1.242340
30 216 1.575620
30 217 1.484720
30 218 0.484810
30 219 3.393620
30 220 3.302720
30 221 2.302810
30 222 5.120720
30 223 4.120810
30 224 5.938810
30 225 7.453820
30 226 6.635730
30 227 5.635820
30 228 4.908630
30 229 4.817730
30 230 3.817820
30 231 3.090630
30 232 2.999730
30 233 1.999820
30 234 1.272630
30 235 1.181730
30 236 0.727230
30 237 2.030120
30 238 3.848120
30 239 5.666120
30 240 7.484120
30 241 8.999130
30 242 7.181130
30 243 5.363130
30 244 3.545130
30 245 1.151410
30 246 2.242210
30 247 3.333010
30 248 4.242020
30 249 3.272400
30 250 3.151220
30 251 3.302700
30 252 3.908700
30 253 2.181600
30 254 3.696620
30 255 2.060420
30 256 2.211900
30 257 2.787610
30 258 3.939000
30 259 4.545000
30 260 2.817900
30 261 2.727000
30 262 1.090800
30 263 2.605820
30 264 2.514920
30 265 1.121100
30 266 1.696810
30 267 1.605910
30 268 2.848200
30 269 2.757300
30 270 4.575300
30 271 5.181300
30 272 3.454200
30 273 3.363300
30 274 1.727100
30 275 1.636200
30 276 1.545300
30 277 1.515020
30 278 1.424120
30 279 1.333220
30 280 1.515020
30 281 1.424120
30 282 0.424210
30 283 1.757400
30 284 1.666500
30 285 1.575600
30 286 3.484500
30 287 3.393600
30 288 5.211600
30 289 5.817600
30 290 4.999510
30 291 3.999600
30 292 3.272410
30 293 3.181510
30 294 2.181600
30 295 1.454410
30 296 1.363510
30 297 0.363600
30 298 1.242330
30 299 1.151430
30 300 1.242330
30 301 1.151430
30 302 1.484710
30 303 1.393810
30 304 0.393900
30 305 3.302710
30 306 3.211810
30 307 2.211900
30 308 5.029810
30 309 4.029900
30 310 5.847900
30 311 7.362910
30 312 6.544820
30 313 5.544910
30 314 4.817720
30 315 4.726820
30 316 3.726910
30 317 2.999720
30 318 2.908820
30 319 1.908910
30 320 1.181720
30 321 1.090820
30 322 0.969640
30 323 0.969640
30 324 1.212020
30 325 1.121120
30 326 3.030020
30 327 2.939120
30 328 1.939210
30 329 4.848020
30 330 4.757120
30 331 3.757210
30 332 6.575120
30 333 5.575210
30 334 7.393210
30 335 8.908220
30 336 8.090130
30 337 7.090220
30 338 6.363030
30 339 6.272130
30 340 5.272220
30 341 4.545030
30 342 4.454130
30 343 3.454220
30 344 2.727030
30 345 2.636130
30 346 0.909030
30 347 3.484520
30 348 5.302520
30 349 7.120520
30 350 8.938520
30 351 10.453530
30 352 8.635530
30 353 6.817530
30 354 4.999530
30 355 1.969510
30 356 3.060310
30 357 4.151110
30 358 5.060120
30 359 4.090500
30 360 3.969320
30 361 4.120800
30 362 4.726800
30 363 2.999700
30 364 4.514720
30 365 2.878520
30 366 3.030000
30 367 3.605710
30 368 4.757100
30 369 5.363100
30 370 3.636000
30 371 3.545100
30 372 1.908900
30 373 3.423920
30 374 3.333020
30 375 1.939200
30 376 2.514910
30 377 2.424010
30 378 3.666300
30 379 3.575400
30 380 5.393400
30 381 5.999400
30 382 4.272300
30 383 4.181400
30 384 2.545200
30 385 2.454300
30 386 2.363400
30 387 2.333120
30 388 2.242220
30 389 2.151320
30 390 1.424110
30 391 1.333210
30 392 1.242310
30 393 2.575500
30 394 2.484600
30 395 2.393700
30 396 4.302600
30 397 4.211700
30 398 6.029700
30 399 6.635700
30 400 4.908600
30 401 4.817700
30 402 3.181500
30 403 3.090600
30 404 2.999700
30 405 1.363500
30 406 1.272600
30 407 1.181700
30 408 1.151420
30 409 1.060520
30 410 1.151420
30 411 1.060520
30 412 1.393800
30 413 1.302900
30 414 1.212000
30 415 3.211800
30 416 3.120900
30 417 3.030000
30 418 4.938900
30 419 4.848000
30 420 6.666000
30 421 7.272000
30 422 6.453910
30 423 5.454000
30 424 4.726810
30 425 4.635910
30 426 3.636000
30 427 2.908810
30 428 2.817910
30 429 1.818000
30 430 1.090810
30 431 0.999910
30 432 0.878730
30 433 0.878730
30 434 1.121110
30 435 1.030210
30 436 2.939110
30 437 2.848210
30 438 1.848300
30 439 4.757110
30 440 4.666210
30 441 3.666300
30 442 6.484210
30 443 5.484300
30 444 7.302300
30 445 8.817310
30 446 7.999220
30 447 6.999310
30 448 6.272120
30 449 6.181220
30 450 5.181310
30 451 4.454120
30 452 4.363220
30 453 3.363310
30 454 2.636120
30 455 2.545220
30 456 0.818120
30 457 0.848420
30 458 2.666420
30 459 2.575520
30 460 4.484420
30 461 4.393520
30 462 3.393610
30 463 6.302420
30 464 6.211520
30 465 5.211610
30 466 8.029520
30 467 7.029610
30 468 8.847610
30 469 10.362620
30 470 9.544530
30 471 8.544620
30 472 7.817430
30 473 7.726530
30 474 6.726620
30 475 5.999430
30 476 5.908530
30 477 4.908620
30 478 4.181430
30 479 4.090530
30 480 2.363430
30 481 4.938920
30 482 6.756920
30 483 8.574920
30 484 10.392920
30 485 11.907930
30 486 10.089930
30 487 8.271930
30 488 6.453930
30 489 2.787610
30 490 3.878410
30 491 4.969210
30 492 5.878220
30 493 4.908600
30 494 4.787420
30 495 4.938900
30 496 5.544900
30 497 3.817800
30 498 5.332820
30 499 3.696620
30 500 3.848100
30 501 4.423810
30 502 5.575200
30 503 6.181200
30 504 4.454100
30 505 4.363200
30 506 2.727000
30 507 4.242020
30 508 4.151120
30 509 2.757300
30 510 3.333010
30 511 3.242110
30 512 4.484400
30 513 4.393500
30 514 6.211500
30 515 6.817500
30 516 5.090400
30 517 4.999500
30 518 3.363300
30 519 3.272400
30 520 3.181500
30 521 3.151220
30 522 3.060320
30 523 2.969420
30 524 2.242210
30 525 2.151310
30 526 2.060410
30 527 3.393600
30 528 3.302700
30 529 3.211800
30 530 5.120700
30 531 5.029800
30 532 6.847800
30 533 7.453800
30 534 5.726700
30 535 5.635800
30 536 3.999600
30 537 3.908700
30 538 3.817800
30 539 2.181600
30 540 2.090700
30 541 1.999800
30 542 1.969520
30 543 1.878620
30 544 1.060510
30 545 0.969610
30 546 2.211900
30 547 2.121000
30 548 2.030100
30 549 4.029900
30 550 3.939000
30 551 3.848100
30 552 5.757000
30 553 5.666100
30 554 7.484100
30 555 8.090100
30 556 6.363000
30 557 6.272100
30 558 4.635900
30 559 4.545000
30 560 4.454100
30 561 2.817900
30 562 2.727000
30 563 2.636100
30 564 0.999900
30 565 0.909000
30 566 0.787820
30 567 0.787820
30 568 1.030200
30 569 0.939300
30 570 2.848200
30 571 2.757300
30 572 2.666400
30 573 4.666200
30 574 4.575300
30 575 4.484400
30 576 6.393300
30 577 6.302400
30 578 8.120400
30 579 8.726400
30 580 7.908310
30 581 6.908400
30 582 6.181210
30 583 6.090310
30 584 5.090400
30 585 4.363210
30 586 4.272310
30 587 3.272400
30 588 2.545210
30 589 2.454310
30 590 0.727210
30 591 0.757510
30 592 2.575510
30 593 2.484610
30 594 4.393510
30 595 4.302610
30 596 3.302700
30 597 6.211510
30 598 6.120610
30 599 5.120700
30 600 7.938610
30 601 6.938700
30 602 8.756700
30 603 10.271710
30 604 9.453620
30 605 8.453710
30 606 7.726520
30 607 7.635620
30 608 6.635710
30 609 5.908520
30 610 5.817620
30 611 4.817710
30 612 4.090520
30 613 3.999620
30 614 2.272520
30 615 2.302820
30 616 4.120820
30 617 4.029920
30 618 5.938820
30 619 5.847920
30 620 4.848010
30 621 7.756820
30 622 7.665920
30 623 6.666010
30 624 9.483920
30 625 8.484010
30 626 10.302010
30 627 11.817020
30 628 10.998930
30 629 9.999020
30 630 9.271830
30 631 9.180930
30 632 8.181020
30 633 7.453830
30 634 7.362930
30 635 6.363020
30 636 5.635830
30 637 5.544930
30 638 3.817830
30 639 6.393320
30 640 8.211320
30 641 10.029320
30 642 11.847320
30 643 13.362330
30 644 11.544330
30 645 9.726330
30 646 7.908330
30 647 3.605710
30 648 4.696510
30 649 5.605520
30 650 4.635900
30 651 6.150920
30 652 4.514720
30 653 4.666200
30 654 5.241910
30 655 5.272200
30 656 5.181300
30 657 3.545100
30 658 5.060120
30 659 4.969220
30 660 3.575400
30 661 4.151110
30 662 4.060210
30 663 5.302500
30 664 5.211600
30 665 5.908500
30 666 5.817600
30 667 4.181400
30 668 4.090500
30 669 3.999600
30 670 3.969320
30 671 3.878420
30 672 3.787520
30 673 3.060310
30 674 2.969410
30 675 2.878510
30 676 4.211700
30 677 4.120800
30 678 4.029900
30 679 5.938800
30 680 5.847900
30 681 6.544800
30 682 6.453900
30 683 4.817700
30 684 4.726800
30 685 4.635900
30 686 2.999700
30 687 2.908800
30 688 2.817900
30 689 2.787620
30 690 2.696720
30 691 1.878610
30 692 1.787710
30 693 3.030000
30 694 2.939100
30 695 2.848200
30 696 4.848000
30 697 4.757100
30 698 4.666200
30 699 6.575100
30 700 6.484200
30 701 7.181100
30 702 7.090200
30 703 5.454000
30 704 5.363100
30 705 5.272200
30 706 3.636000
30 707 3.545100
30 708 3.454200
30 709 1.818000
30 710 1.727100
30 711 1.605920
30 712 0.696910
30 713 1.848300
30 714 1.757400
30 715 3.666300
30 716 3.575400
30 717 3.484500
30 718 5.484300
30 719 5.393400
30 720 5.302500
30 721 7.211400
30 722 7.120500
30 723 7.817400
30 724 7.726500
30 725 6.090300
30 726 5.999400
30 727 5.908500
30 728 4.272300
30 729 4.181400
30 730 4.090500
30 731 2.454300
30 732 2.363400
30 733 0.636300
30 734 0.666600
30 735 2.484600
30 736 2.393700
30 737 4.302600
30 738 4.211700
30 739 4.120800
30 740 6.120600
30 741 6.029700
30 742 5.938800
30 743 7.847700
30 744 7.756800
30 745 9.362710
30 746 8.362800
30 747 7.635610
30 748 7.544710
30 749 6.544800
30 750 5.817610
30 751 5.726710
30 752 4.726800
30 753 3.999610
30 754 3.908710
30 755 2.181610
30 756 2.211910
30 757 4.029910
30 758 3.939010
30 759 5.847910
30 760 5.757010
30 761 4.757100
30 762 7.665910
30 763 7.575010
30 764 6.575100
30 765 9.393010
30 766 8.393100
30 767 10.908020
30 768 9.908110
30 769 9.180920
30 770 9.090020
30 771 8.090110
30 772 7.362920
30 773 7.272020
30 774 6.272110
30 775 5.544920
30 776 5.454020
30 777 3.726920
30 778 3.757220
30 779 5.575220
30 780 5.484320
30 781 7.393220
30 782 7.302320
30 783 6.302410
30 784 9.211220
30 785 9.120320
30 786 8.120410
30 787 10.938320
30 788 9.938410
30 789 12.453330
30 790 11.453420
30 791 10.726230
30 792 10.635330
30 793 9.635420
30 794 8.908230
30 795 8.817330
30 796 7.817420
30 797 7.090230
30 798 6.999330
30 799 5.272230
30 800 7.847720
30 801 9.665720
30 802 11.483720
30 803 12.998730
30 804 11.180730
30 805 9.362730
30 806 4.423810
30 807 5.332820
30 808 4.363200
30 809 5.878220
30 810 5.787320
30 811 4.393500
30 812 4.969210
30 813 4.878310
30 814 4.999500
30 815 4.908600
30 816 4.817700
30 817 4.787420
30 818 4.696520
30 819 4.605620
30 820 3.878410
30 821 3.787510
30 822 3.696610
30 823 5.029800
30 824 4.938900
30 825 4.848000
30 826 5.635800
30 827 5.544900
30 828 5.454000
30 829 3.817800
30 830 3.726900
30 831 3.636000
30 832 3.605720
30 833 3.514820
30 834 2.696710
30 835 2.605810
30 836 3.848100
30 837 3.757200
30 838 3.666300
30 839 5.666100
30 840 5.575200
30 841 5.484300
30 842 6.272100
30 843 6.181200
30 844 6.090300
30 845 4.454100
30 846 4.363200
30 847 4.272300
30 848 2.636100
30 849 2.545200
30 850 2.424020
30 851 1.515010
30 852 2.666400
30 853 2.575500
30 854 4.484400
30 855 4.393500
30 856 4.302600
30 857 6.302400
30 858 6.211500
30 859 6.120600
30 860 6.908400
30 861 6.817500
30 862 6.726600
30 863 5.090400
30 864 4.999500
30 865 4.908600
30 866 3.272400
30 867 3.181500
30 868 1.454400
30 869 1.484700
30 870 3.302700
30 871 3.211800
30 872 5.120700
30 873 5.029800
30 874 4.938900
30 875 6.938700
30 876 6.847800
30 877 6.756900
30 878 7.544700
30 879 7.453800
30 880 7.362900
30 881 5.726700
30 882 5.635800
30 883 5.544900
30 884 3.908700
30 885 3.817800
30 886 2.090700
30 887 2.121000
30 888 3.939000
30 889 3.848100
30 890 5.757000
30 891 5.666100
30 892 5.575200
30 893 7.575000
30 894 7.484100
30 895 7.393200
30 896 9.090010
30 897 8.999110
30 898 7.999200
30 899 7.272010
30 900 7.181110
30 901 6.181200
30 902 5.454010
30 903 5.363110
30 904 3.636010
30 905 3.666310
30 906 5.484310
30 907 5.393410
30 908 7.302310
30 909 7.211410
30 910 6.211500
30 911 9.120310
30 912 9.029410
30 913 8.029500
30 914 10.635320
30 915 10.544420
30 916 9.544510
30 917 8.817320
30 918 8.726420
30 919 7.726510
30 920 6.999320
30 921 6.908420
30 922 5.181320
30 923 5.211620
30 924 7.029620
30 925 6.938720
30 926 8.847620
30 927 8.756720
30 928 7.756810
30 929 10.665620
30 930 10.574720
30 931 9.574810
30 932 12.180630
30 933 12.089730
30 934 11.089820
30 935 10.362630
30 936 10.271730
30 937 9.271820
30 938 8.544630
30 939 8.453730
30 940 6.726630
30 941 9.302120
30 942 11.120120
30 943 12.635130
30 944 10.817130
30 945 5.605520
30 946 5.514620
30 947 5.423720
30 948 4.696510
30 949 4.605610
30 950 4.514710
30 951 4.635900
30 952 4.545000
30 953 4.454100
30 954 4.423820
30 955 4.332920
30 956 3.514810
30 957 3.423910
30 958 4.666200
30 959 4.575300
30 960 4.484400
30 961 5.272200
30 962 5.181300
30 963 5.090400
30 964 3.454200
30 965 3.363300
30 966 3.242120
30 967 2.333110
30 968 3.484500
30 969 3.393600
30 970 5.302500
30 971 5.211600
30 972 5.120700
30 973 5.908500
30 974 5.817600
30 975 5.726700
30 976 4.090500
30 977 3.999600
30 978 2.272500
30 979 2.302800
30 980 4.120800
30 981 4.029900
30 982 5.938800
30 983 5.847900
30 984 5.757000
30 985 6.544800
30 986 6.453900
30 987 6.363000
30 988 4.726800
30 989 4.635900
30 990 2.908800
30 991 2.939100
30 992 4.757100
30 993 4.666200
30 994 6.575100
30 995 6.484200
30 996 6.393300
30 997 7.181100
30 998 7.090200
30 999 6.999300
30 1000 5.363100
30 1001 5.272200
30 1002 3.545100
30 1003 3.575400
30 1004 5.393400
30 1005 5.302500
30 1006 7.211400
30 1007 7.120500
30 1008 7.029600
30 1009 8.726410
30 1010 8.635510
30 1011 7.635600
30 1012 6.908410
30 1013 6.817510
30 1014 5.090410
30 1015 5.120710
30 1016 6.938710
30 1017 6.847810
30 1018 8.756710
30 1019 8.665810
30 1020 7.665900
30 1021 10.271720
30 1022 10.180820
30 1023 9.180910
30 1024 8.453720
30 1025 8.362820
30 1026 6.635720
30 1027 6.666020
30 1028 8.484020
30 1029 8.393120
30 1030 10.302020
30 1031 10.211120
30 1032 9.211210
30 1033 11.817030
30 1034 11.726130
30 1035 10.726220
30 1036 9.999030
30 1037 9.908130
30 1038 8.181030
30 1039 10.756520
30 1040 12.271530
30 1041 5.241920
30 1042 5.151020
30 1043 4.332910
30 1044 4.242010
30 1045 4.272300
30 1046 4.181400
30 1047 4.060220
30 1048 3.151210
30 1049 4.302600
30 1050 4.211700
30 1051 4.908600
30 1052 4.817700
30 1053 3.090600
30 1054 3.120900
30 1055 4.938900
30 1056 4.848000
30 1057 5.544900
30 1058 5.454000
30 1059 3.726900
30 1060 3.757200
30 1061 5.575200
30 1062 5.484300
30 1063 6.181200
30 1064 6.090300
30 1065 4.363200
30 1066 4.393500
30 1067 6.211500
30 1068 6.120600
30 1069 6.817500
30 1070 6.726600
30 1071 4.999500
30 1072 5.029800
30 1073 6.847800
30 1074 6.756900
30 1075 8.362810
30 1076 8.271910
30 1077 6.544810
30 1078 6.575110
30 1079 8.393110
30 1080 8.302210
30 1081 9.908120
30 1082 9.817220
30 1083 8.090120
30 1084 8.120420
30 1085 9.938420
30 1086 9.847520
30 1087 11.453430
30 1088 11.362530
30 1089 9.635430
30 1090 4.878320
30 1091 3.969310
30 1092 3.908700
30 1093 3.939000
30 1094 4.545000
30 1095 4.575300
30 1096 5.181300
30 1097 5.211600
30 1098 5.817600
30 1099 5.847900
30 1100 6.453900
30 1101 6.484200
30 1102 7.999210
30 1103 8.029510
30 1104 9.544520
30 1105 9.574820
30 1106 11.089830
