30 0 0.090930
30 1 0.333340
30 2 0.333340
30 3 0.272730
30 4 0.242430
30 5 0.242430
30 6 0.181820
30 7 0.636330
30 8 0.212120
30 9 1.727130
30 10 1.181730
30 11 0.878740
30 12 0.151520
30 13 0.151520
30 14 0.090910
30 15 0.878740
30 16 0.121210
30 17 1.636220
30 18 0.818130
30 19 1.424140
30 20 0.363630
30 21 1.424140
30 22 1.666520
30 23 3.181530
30 24 1.363530
30 25 0.818130
30 26 0.606040
30 27 0.787830
30 28 0.060610
30 29 0.969620
30 31 0.787830
30 32 0.030300
30 33 1.545310
30 34 0.727220
30 35 1.333230
30 36 0.606040
30 37 0.757520
30 38 1.333230
30 39 1.575610
30 40 3.090620
30 41 2.272530
30 42 1.272620
30 43 0.545430
30 44 1.727130
30 45 1.060540
30 46 1.060540
30 47 1.302920
30 48 3.120920
30 49 4.635930
30 50 2.817930
30 51 0.999930
30 52 0.454530
30 53 0.515130
30 54 0.696920
30 55 0.878710
30 56 1.787720
30 57 0.818100
30 58 0.696920
30 59 0.848400
30 60 1.454400
30 61 0.636310
30 62 1.242320
30 63 0.515130
30 64 0.666610
30 65 1.242320
30 66 1.484700
30 67 2.999710
30 68 2.181620
30 69 1.181710
30 70 0.454520
30 71 1.969540
30 72 0.969630
30 73 0.484820
30 74 1.969540
30 75 0.969630
30 76 2.211920
30 77 1.212010
30 78 3.030010
30 79 4.545020
30 80 3.726930
30 81 2.727020
30 82 1.999830
30 83 1.908930
30 84 0.909020
30 85 1.454430
30 86 1.363530
30 87 0.696940
30 88 0.696940
30 89 0.939320
30 90 2.757320
30 91 4.575319
30 92 6.090329
30 93 4.272330
30 94 2.454330
30 95 0.636330
30 96 0.424220
30 97 0.606010
30 98 1.696810
30 99 2.605820
30 100 1.636200
30 101 1.515020
30 102 1.666500
30 103 2.272500
30 104 0.545400
30 105 2.060420
30 106 0.424220
30 107 0.575700
30 108 1.151410
30 109 2.302800
30 110 2.908800
30 111 2.090710
30 112 1.090800
30 113 0.363610
30 114 1.878630
30 115 0.878720
30 116 0.393910
30 117 1.878630
30 118 0.878720
30 119 2.121010
30 120 1.121100
30 121 2.939100
30 122 4.454110
30 123 3.636020
30 124 2.636110
30 125 1.908920
30 126 1.818020
30 127 0.818110
30 128 1.696840
30 129 1.605940
30 130 0.606030
30 131 1.696840
30 132 1.605940
30 133 0.606030
30 134 1.939220
30 135 1.848320
30 136 0.848410
30 137 3.666320
30 138 2.666410
30 139 4.484409
30 140 5.999419
30 141 5.181329
30 142 4.181420
30 143 3.454230
30 144 3.363330
30 145 2.363420
30 146 1.636230
30 147 1.545330
30 148 0.545420
30 149 1.090830
30 150 0.999930
30 151 0.575720
30 152 2.393720
30 153 4.211720
30 154 6.029718
30 155 7.544728
30 156 5.726729
30 157 3.908730
30 158 2.090730
30 159 0.333310
30 160 1.424110
30 161 2.514910
30 162 3.423921
30 163 2.454300
30 164 2.333120
30 165 2.484600
30 166 3.090600
30 167 1.363500
30 168 2.878520
30 169 1.242320
30 170 1.393800
30 171 1.969510
30 172 3.120900
30 173 3.726900
30 174 1.999800
30 175 1.908900
30 176 0.272700
30 177 1.787720
30 178 1.696820
30 179 0.303000
30 180 1.787720
30 181 0.787810
30 182 2.030100
30 183 1.939200
30 184 3.757200
30 185 4.363200
30 186 3.545110
30 187 2.545200
30 188 1.818010
30 189 1.727110
30 190 0.727200
30 191 1.605930
30 192 1.515030
30 193 0.515120
30 194 1.605930
30 195 1.515030
30 196 0.515120
30 197 1.848310
30 198 1.757410
30 199 0.757500
30 200 3.575410
30 201 2.575500
30 202 4.393499
30 203 5.908509
30 204 5.090419
30 205 4.090510
30 206 3.363320
30 207 3.272420
30 208 2.272510
30 209 1.545320
30 210 1.454420
30 211 0.454510
30 212 1.333240
30 213 1.242340
30 214 1.333240
30 215 1.242340
30 216 1.575620
30 217 1.484720
30 218 0.484810
30 219 3.393620
30 220 3.302720
30 221 2.302810
30 222 5.120719
30 223 4.120810
30 224 5.938808
30 225 7.453818
30 226 6.635728
30 227 5.635819
30 228 4.908629
30 229 4.817729
30 230 3.817820
30 231 3.090630
30 232 2.999730
30 233 1.999820
30 234 1.272630
30 235 1.181730
30 236 0.727230
30 237 2.030120
30 238 3.848120
30 239 5.666119
30 240 7.484118
30 241 8.999127
30 242 7.181128
30 243 5.363129
30 244 3.545130
30 245 1.151410
30 246 2.242210
30 247 3.333011
30 248 4.242021
30 249 3.272401
30 250 3.151221
30 251 3.302701
30 252 3.908700
30 253 2.181600
30 254 3.696620
30 255 2.060420
30 256 2.211900
30 257 2.787610
30 258 3.939000
30 259 4.545000
30 260 2.817900
30 261 2.727000
30 262 1.090800
30 263 2.605820
30 264 2.514920
30 265 1.121100
30 266 1.696810
30 267 1.605910
30 268 2.848200
30 269 2.757300
30 270 4.575300
30 271 5.181299
30 272 3.454200
30 273 3.363300
30 274 1.727100
30 275 1.636200
30 276 1.545300
30 277 1.515020
30 278 1.424120
30 279 1.333220
30 280 1.515020
30 281 1.424120
30 282 0.424210
30 283 1.757400
30 284 1.666500
30 285 1.575600
30 286 3.484500
30 287 3.393600
30 288 5.211599
30 289 5.817599
30 290 4.999509
30 291 3.999600
30 292 3.272410
30 293 3.181510
30 294 2.181600
30 295 1.454410
30 296 1.363510
30 297 0.363600
30 298 1.242330
30 299 1.151430
30 300 1.242330
30 301 1.151430
30 302 1.484710
30 303 1.393810
30 304 0.393900
30 305 3.302710
30 306 3.211810
30 307 2.211900
30 308 5.029809
30 309 4.029900
30 310 5.847898
30 311 7.362908
30 312 6.544818
30 313 5.544909
30 314 4.817719
30 315 4.726820
30 316 3.726910
30 317 2.999720
30 318 2.908820
30 319 1.908910
30 320 1.181720
30 321 1.090820
30 322 0.969640
30 323 0.969640
30 324 1.212020
30 325 1.121120
30 326 3.030020
30 327 2.939120
30 328 1.939210
30 329 4.848019
30 330 4.757119
30 331 3.757210
30 332 6.575118
30 333 5.575209
30 334 7.393208
30 335 8.908217
30 336 8.090128
30 337 7.090218
30 338 6.363029
30 339 6.272129
30 340 5.272219
30 341 4.545030
30 342 4.454130
30 343 3.454220
30 344 2.727030
30 345 2.636130
30 346 0.909030
30 347 3.484520
30 348 5.302519
30 349 7.120518
30 350 8.938517
30 351 10.453526
30 352 8.635528
30 353 6.817528
30 354 4.999529
30 355 1.969510
30 356 3.060311
30 357 4.151111
30 358 5.060120
30 359 4.090501
30 360 3.969321
30 361 4.120800
30 362 4.726800
30 363 2.999701
30 364 4.514720
30 365 2.878520
30 366 3.030000
30 367 3.605711
30 368 4.757100
30 369 5.363100
30 370 3.636000
30 371 3.545100
30 372 1.908900
30 373 3.423920
30 374 3.333020
30 375 1.939200
30 376 2.514910
30 377 2.424010
30 378 3.666300
30 379 3.575400
30 380 5.393399
30 381 5.999399
30 382 4.272300
30 383 4.181400
30 384 2.545200
30 385 2.454300
30 386 2.363400
30 387 2.333120
30 388 2.242220
30 389 2.151320
30 390 1.424110
30 391 1.333210
30 392 1.242310
30 393 2.575500
30 394 2.484600
30 395 2.393700
30 396 4.302600
30 397 4.211700
30 398 6.029698
30 399 6.635698
30 400 4.908599
30 401 4.817699
30 402 3.181500
30 403 3.090600
30 404 2.999700
30 405 1.363500
30 406 1.272600
30 407 1.181700
30 408 1.151420
30 409 1.060520
30 410 1.151420
30 411 1.060520
30 412 1.393800
30 413 1.302900
30 414 1.212000
30 415 3.211800
30 416 3.120900
30 417 3.030000
30 418 4.938899
30 419 4.847999
30 420 6.665998
30 421 7.271998
30 422 6.453908
30 423 5.453999
30 424 4.726810
30 425 4.635910
30 426 3.636000
30 427 2.908810
30 428 2.817910
30 429 1.818000
30 430 1.090810
30 431 0.999910
30 432 0.878730
30 433 0.878730
30 434 1.121110
30 435 1.030210
30 436 2.939110
30 437 2.848210
30 438 1.848300
30 439 4.757109
30 440 4.666209
30 441 3.666300
30 442 6.484208
30 443 5.484299
30 444 7.302298
30 445 8.817307
30 446 7.999218
30 447 6.999308
30 448 6.272119
30 449 6.181219
30 450 5.181309
30 451 4.454120
30 452 4.363220
30 453 3.363310
30 454 2.636120
30 455 2.545220
30 456 0.818120
30 457 0.848420
30 458 2.666420
30 459 2.575520
30 460 4.484419
30 461 4.393519
30 462 3.393610
30 463 6.302418
30 464 6.211518
30 465 5.211609
30 466 8.029517
30 467 7.029608
30 468 8.847608
30 469 10.362617
30 470 9.544527
30 471 8.544618
30 472 7.817428
30 473 7.726528
30 474 6.726618
30 475 5.999429
30 476 5.908529
30 477 4.908619
30 478 4.181430
30 479 4.090530
30 480 2.363430
30 481 4.938919
30 482 6.756918
30 483 8.574917
30 484 10.392916
30 485 11.907926
30 486 10.089927
30 487 8.271928
30 488 6.453928
30 489 2.787611
30 490 3.878411
30 491 4.969210
30 492 5.878220
30 493 4.908600
30 494 4.787420
30 495 4.938900
30 496 5.544899
30 497 3.817801
30 498 5.332819
30 499 3.696621
30 500 3.848101
30 501 4.423810
30 502 5.575200
30 503 6.181199
30 504 4.454100
30 505 4.363200
30 506 2.727000
30 507 4.242020
30 508 4.151121
30 509 2.757300
30 510 3.333010
30 511 3.242110
30 512 4.484400
30 513 4.393500
30 514 6.211499
30 515 6.817498
30 516 5.090400
30 517 4.999500
30 518 3.363300
30 519 3.272400
30 520 3.181500
30 521 3.151220
30 522 3.060320
30 523 2.969420
30 524 2.242210
30 525 2.151310
30 526 2.060410
30 527 3.393600
30 528 3.302700
30 529 3.211800
30 530 5.120699
30 531 5.029799
30 532 6.847798
30 533 7.453798
30 534 5.726699
30 535 5.635799
30 536 3.999600
30 537 3.908700
30 538 3.817800
30 539 2.181600
30 540 2.090700
30 541 1.999800
30 542 1.969520
30 543 1.878620
30 544 1.060510
30 545 0.969610
30 546 2.211900
30 547 2.121000
30 548 2.030100
30 549 4.029900
30 550 3.939000
30 551 3.848100
30 552 5.756999
30 553 5.666099
30 554 7.484098
30 555 8.090097
30 556 6.362998
30 557 6.272099
30 558 4.635900
30 559 4.545000
30 560 4.454100
30 561 2.817900
30 562 2.727000
30 563 2.636100
30 564 0.999900
30 565 0.909000
30 566 0.787820
30 567 0.787820
30 568 1.030200
30 569 0.939300
30 570 2.848200
30 571 2.757300
30 572 2.666400
30 573 4.666199
30 574 4.575299
30 575 4.484400
30 576 6.393298
30 577 6.302398
30 578 8.120398
30 579 8.726398
30 580 7.908308
30 581 6.908398
30 582 6.181209
30 583 6.090309
30 584 5.090399
30 585 4.363210
30 586 4.272310
30 587 3.272400
30 588 2.545210
30 589 2.454310
30 590 0.727210
30 591 0.757510
30 592 2.575510
30 593 2.484610
30 594 4.393509
30 595 4.302609
30 596 3.302700
30 597 6.211508
30 598 6.120608
30 599 5.120699
30 600 7.938607
30 601 6.938698
30 602 8.756697
30 603 10.271707
30 604 9.453617
30 605 8.453708
30 606 7.726518
30 607 7.635618
30 608 6.635708
30 609 5.908519
30 610 5.817619
30 611 4.817709
30 612 4.090520
30 613 3.999620
30 614 2.272520
30 615 2.302820
30 616 4.120820
30 617 4.029920
30 618 5.938818
30 619 5.847919
30 620 4.848009
30 621 7.756817
30 622 7.665917
30 623 6.666008
30 624 9.483916
30 625 8.484007
30 626 10.302007
30 627 11.817016
30 628 10.998926
30 629 9.999017
30 630 9.271827
30 631 9.180927
30 632 8.181018
30 633 7.453828
30 634 7.362928
30 635 6.363019
30 636 5.635829
30 637 5.544929
30 638 3.817830
30 639 6.393318
30 640 8.211317
30 641 10.029316
30 642 11.847315
30 643 13.362325
30 644 11.544326
30 645 9.726327
30 646 7.908328
30 647 3.605711
30 648 4.696510
30 649 5.605520
30 650 4.635900
30 651 6.150919
30 652 4.514720
30 653 4.666200
30 654 5.241910
30 655 5.272200
30 656 5.181300
30 657 3.545101
30 658 5.060120
30 659 4.969220
30 660 3.575401
30 661 4.151110
30 662 4.060211
30 663 5.302500
30 664 5.211600
30 665 5.908499
30 666 5.817599
30 667 4.181400
30 668 4.090500
30 669 3.999601
30 670 3.969321
30 671 3.878421
30 672 3.787521
30 673 3.060310
30 674 2.969410
30 675 2.878510
30 676 4.211700
30 677 4.120800
30 678 4.029901
30 679 5.938799
30 680 5.847899
30 681 6.544798
30 682 6.453898
30 683 4.817700
30 684 4.726800
30 685 4.635900
30 686 2.999700
30 687 2.908800
30 688 2.817900
30 689 2.787620
30 690 2.696720
30 691 1.878610
30 692 1.787710
30 693 3.030000
30 694 2.939100
30 695 2.848200
30 696 4.848000
30 697 4.757100
30 698 4.666200
30 699 6.575098
30 700 6.484198
30 701 7.181098
30 702 7.090198
30 703 5.453999
30 704 5.363099
30 705 5.272199
30 706 3.636000
30 707 3.545100
30 708 3.454200
30 709 1.818000
30 710 1.727100
30 711 1.605920
30 712 0.696910
30 713 1.848300
30 714 1.757400
30 715 3.666300
30 716 3.575400
30 717 3.484500
30 718 5.484299
30 719 5.393399
30 720 5.302499
30 721 7.211398
30 722 7.120498
30 723 7.817398
30 724 7.726498
30 725 6.090299
30 726 5.999399
30 727 5.908499
30 728 4.272300
30 729 4.181400
30 730 4.090500
30 731 2.454300
30 732 2.363400
30 733 0.636300
30 734 0.666600
30 735 2.484600
30 736 2.393700
30 737 4.302599
30 738 4.211700
30 739 4.120800
30 740 6.120598
30 741 6.029698
30 742 5.938798
30 743 7.847697
30 744 7.756797
30 745 9.362707
30 746 8.362798
30 747 7.635608
30 748 7.544708
30 749 6.544798
30 750 5.817609
30 751 5.726709
30 752 4.726799
30 753 3.999610
30 754 3.908710
30 755 2.181610
30 756 2.211910
30 757 4.029910
30 758 3.939010
30 759 5.847908
30 760 5.757009
30 761 4.757099
30 762 7.665907
30 763 7.575007
30 764 6.575098
30 765 9.393006
30 766 8.393097
30 767 10.908016
30 768 9.908107
30 769 9.180917
30 770 9.090017
30 771 8.090108
30 772 7.362918
30 773 7.272018
30 774 6.272109
30 775 5.544919
30 776 5.454019
30 777 3.726920
30 778 3.757220
30 779 5.575219
30 780 5.484319
30 781 7.393218
30 782 7.302318
30 783 6.302408
30 784 9.211217
30 785 9.120317
30 786 8.120407
30 787 10.938315
30 788 9.938407
30 789 12.453326
30 790 11.453416
30 791 10.726226
30 792 10.635326
30 793 9.635417
30 794 8.908227
30 795 8.817327
30 796 7.817418
30 797 7.090228
30 798 6.999328
30 799 5.272229
30 800 7.847717
30 801 9.665716
30 802 11.483715
30 803 12.998725
30 804 11.180726
30 805 9.362727
30 806 4.423810
30 807 5.332820
30 808 4.363201
30 809 5.878219
30 810 5.787320
30 811 4.393500
30 812 4.969210
30 813 4.878310
30 814 4.999500
30 815 4.908600
30 816 4.817700
30 817 4.787420
30 818 4.696520
30 819 4.605620
30 820 3.878411
30 821 3.787511
30 822 3.696611
30 823 5.029800
30 824 4.938900
30 825 4.848000
30 826 5.635799
30 827 5.544899
30 828 5.454000
30 829 3.817801
30 830 3.726901
30 831 3.636001
30 832 3.605721
30 833 3.514821
30 834 2.696710
30 835 2.605810
30 836 3.848100
30 837 3.757200
30 838 3.666301
30 839 5.666099
30 840 5.575199
30 841 5.484299
30 842 6.272099
30 843 6.181199
30 844 6.090299
30 845 4.454100
30 846 4.363200
30 847 4.272300
30 848 2.636100
30 849 2.545200
30 850 2.424020
30 851 1.515010
30 852 2.666400
30 853 2.575500
30 854 4.484400
30 855 4.393500
30 856 4.302600
30 857 6.302398
30 858 6.211498
30 859 6.120599
30 860 6.908398
30 861 6.817498
30 862 6.726598
30 863 5.090399
30 864 4.999499
30 865 4.908599
30 866 3.272400
30 867 3.181500
30 868 1.454400
30 869 1.484700
30 870 3.302700
30 871 3.211800
30 872 5.120699
30 873 5.029799
30 874 4.938900
30 875 6.938698
30 876 6.847798
30 877 6.756898
30 878 7.544698
30 879 7.453798
30 880 7.362898
30 881 5.726699
30 882 5.635799
30 883 5.544899
30 884 3.908700
30 885 3.817800
30 886 2.090700
30 887 2.121000
30 888 3.939000
30 889 3.848100
30 890 5.756999
30 891 5.666099
30 892 5.575199
30 893 7.574997
30 894 7.484097
30 895 7.393198
30 896 9.090008
30 897 8.999107
30 898 7.999197
30 899 7.272008
30 900 7.181108
30 901 6.181199
30 902 5.454009
30 903 5.363109
30 904 3.636010
30 905 3.666310
30 906 5.484309
30 907 5.393409
30 908 7.302308
30 909 7.211408
30 910 6.211498
30 911 9.120307
30 912 9.029407
30 913 8.029497
30 914 10.635316
30 915 10.544416
30 916 9.544507
30 917 8.817317
30 918 8.726418
30 919 7.726508
30 920 6.999318
30 921 6.908418
30 922 5.181319
30 923 5.211619
30 924 7.029618
30 925 6.938718
30 926 8.847617
30 927 8.756717
30 928 7.756807
30 929 10.665616
30 930 10.574716
30 931 9.574807
30 932 12.180626
30 933 12.089726
30 934 11.089816
30 935 10.362626
30 936 10.271727
30 937 9.271817
30 938 8.544627
30 939 8.453728
30 940 6.726628
30 941 9.302116
30 942 11.120115
30 943 12.635125
30 944 10.817126
30 945 5.605519
30 946 5.514620
30 947 5.423720
30 948 4.696510
30 949 4.605610
30 950 4.514710
30 951 4.635900
30 952 4.545001
30 953 4.454101
30 954 4.423820
30 955 4.332921
30 956 3.514811
30 957 3.423911
30 958 4.666200
30 959 4.575300
30 960 4.484400
30 961 5.272200
30 962 5.181300
30 963 5.090400
30 964 3.454201
30 965 3.363301
30 966 3.242121
30 967 2.333110
30 968 3.484500
30 969 3.393600
30 970 5.302499
30 971 5.211599
30 972 5.120699
30 973 5.908499
30 974 5.817599
30 975 5.726699
30 976 4.090500
30 977 3.999600
30 978 2.272500
30 979 2.302800
30 980 4.120800
30 981 4.029900
30 982 5.938798
30 983 5.847899
30 984 5.756999
30 985 6.544798
30 986 6.453898
30 987 6.362998
30 988 4.726799
30 989 4.635900
30 990 2.908800
30 991 2.939100
30 992 4.757100
30 993 4.666200
30 994 6.575098
30 995 6.484198
30 996 6.393298
30 997 7.181098
30 998 7.090198
30 999 6.999298
30 1000 5.363099
30 1001 5.272199
30 1002 3.545100
30 1003 3.575400
30 1004 5.393399
30 1005 5.302499
30 1006 7.211398
30 1007 7.120498
30 1008 7.029598
30 1009 8.726407
30 1010 8.635508
30 1011 7.635598
30 1012 6.908408
30 1013 6.817508
30 1014 5.090409
30 1015 5.120709
30 1016 6.938708
30 1017 6.847808
30 1018 8.756707
30 1019 8.665807
30 1020 7.665897
30 1021 10.271716
30 1022 10.180817
30 1023 9.180907
30 1024 8.453717
30 1025 8.362818
30 1026 6.635718
30 1027 6.666018
30 1028 8.484017
30 1029 8.393117
30 1030 10.302016
30 1031 10.211116
30 1032 9.211207
30 1033 11.817026
30 1034 11.726127
30 1035 10.726216
30 1036 9.999026
30 1037 9.908127
30 1038 8.181027
30 1039 10.756516
30 1040 12.271525
30 1041 5.241920
30 1042 5.151020
30 1043 4.332911
30 1044 4.242011
30 1045 4.272301
30 1046 4.181401
30 1047 4.060221
30 1048 3.151211
30 1049 4.302600
30 1050 4.211700
30 1051 4.908600
30 1052 4.817700
30 1053 3.090600
30 1054 3.120900
30 1055 4.938900
30 1056 4.848000
30 1057 5.544899
30 1058 5.453999
30 1059 3.726900
30 1060 3.757200
30 1061 5.575199
30 1062 5.484299
30 1063 6.181199
30 1064 6.090299
30 1065 4.363200
30 1066 4.393500
30 1067 6.211498
30 1068 6.120598
30 1069 6.817498
30 1070 6.726598
30 1071 4.999499
30 1072 5.029799
30 1073 6.847798
30 1074 6.756898
30 1075 8.362807
30 1076 8.271908
30 1077 6.544808
30 1078 6.575108
30 1079 8.393107
30 1080 8.302207
30 1081 9.908116
30 1082 9.817217
30 1083 8.090117
30 1084 8.120418
30 1085 9.938416
30 1086 9.847516
30 1087 11.453426
30 1088 11.362527
30 1089 9.635427
30 1090 4.878320
30 1091 3.969311
30 1092 3.908701
30 1093 3.939001
30 1094 4.545000
30 1095 4.575300
30 1096 5.181299
30 1097 5.211599
30 1098 5.817599
30 1099 5.847898
30 1100 6.453898
30 1101 6.484198
30 1102 7.999207
30 1103 8.029508
30 1104 9.544517
30 1105 9.574817
30 1106 11.089827
